-11118.3390353   1500
-9113.43058642   1500
-2611.28696553    876
-13726.1790122   1500
-1650.92642691    342
-15064.7019418   1500
-3777.30072243    481
-12418.7082795   1500
-12737.898145   1500
-371.032992203    228
-11146.2094271   1500
-13168.2572595   1500
-11135.2941725   1500
-8957.10409097   1500
-8713.84650647   1500
-9280.00712738   1500
-11209.3142588   1500
-4758.66918136   1500
-3478.06668997   1500
-3757.67915394   1500
-4687.57431479   1500
-9587.32722551   1500
-3062.7721124   1500
-1894.56102734   1500
-9491.32351322   1500
-9317.65500778   1500
209.827813176    207
-13700.0938245   1500
-10985.7955605   1500
-13243.1927668   1500
-3697.83190463    524
-611.582838243    302
-14161.3234167   1500
-12614.751559   1500
-9949.03691209   1262
367.013252301    194
-3610.14724756    779
-12137.1187909   1500
-1219.82687175    340
-9475.34134189   1500
-171.550972802    222
-5362.49635925   1500
-7011.6933498   1420
-3761.75895004   1334
-1111.19632569    224
-3139.18068693    699
-6177.8772235    944
-2685.99651848    616
-534.919133432    274
-866.518833937    211
-2154.58145686    516
-3711.78694094    972
-2056.15624776    636
-71.8220987669    226
-1206.55793645    202
-11626.5093536   1500
-5826.49510837    911
-10350.0144964   1307
198.780941786    239
-13792.2373437   1500
-2.89760529318    157
-15428.5376524   1500
-1175.36547952    267
-1923.51348569    301
-493.277336614    304
-3554.62707091    429
275.674993577    157
-11512.2857476   1214
-307.955206522    166
-376.848743632    209
-7103.75709136    853
-1103.4494793    432
-7141.8612877   1120
-5847.44776353    932
678.718982016    149
-9891.38685889   1206
-18.5643753504    169
206.557404886    174
-5373.71135911    582
409.351706567    169
275.525777087    144
584.463351268    121
895.851883735    174
-10680.7052068   1500
-1714.79088738    588
-1297.343494    414
771.545804931    135
944.0     78
-140.866041148    130
435.129467435    215
-1398.5638142    337
459.023830946    216
-424.840141775    236
-1247.18560558    280
513.68217462    229
-629.279774442    231
846.556492797    139
770.780211586    111
245.124300252    174
-2789.06596003    350
260.561467648    200
95.3450340145    215
-99.784579328    233
194.389108719    130
-6175.48383933    858
-6241.87407332    881
-80.7665831494    158
-616.557372045    297
237.778858263    131
394.047595492    207
-1867.65009585    335
900.507500397    126
30.9435830098    176
-1559.81846768    226
-9463.75238231   1426
-614.609348265    468
-1725.4060462    658
-12635.906186   1500
-13727.2005796   1500
-6365.62763464   1058
10.0470566573    350
-10837.1806058   1500
-7878.4845456   1500
-14554.8455179   1500
-12599.7844042   1500
-8176.37997824   1500
-8811.53781877   1500
-9601.87573736   1500
-9414.76781007   1500
-8175.28271817   1500
-13170.2609134   1500
-10022.0183844   1500
-13047.3748066   1500
-14496.0560987   1500
-12494.4947457   1500
-11341.54902   1500
-13461.7066647   1500
-12943.1037377   1500
-8959.54474656   1067
-8600.80528531    843
-18519.628822   1500
-16762.0823458   1500
-15593.7830911   1500
-15530.7534496   1500
-18436.1521722   1500
-16204.6661177   1500
-15137.3007011   1500
-12512.3318179   1500
-12558.2110089   1500
-10406.1343345   1500
-12766.7153431   1500
-10765.5348879   1500
-12444.0965973   1500
-13029.0743749   1500
-11020.7136764   1500
-10795.6870383   1423
-14857.4679605   1500
-1147.92735982    389
-14603.6370193   1500
-11326.2590569   1500
-13081.5177719   1500
-10459.1374935   1500
-12410.1692753   1500
-10436.8784126   1500
-11345.3280447   1500
-9700.59099257   1500
-12602.2218516   1500
-14108.4118925   1500
-6589.91524979    955
-8490.83836965   1416
-14254.5977714   1500
-13108.5350983   1500
-12424.676679   1500
-9275.10088082   1311
-14934.7865728   1500
-10275.1998508   1500
-13334.7405627   1500
-8531.92035856   1240
921.704798744     66
-7021.44217476    992
-7008.78337613   1075
-1657.43836045    455
-7048.41016123    880
-16146.726053   1500
-6083.55457363    778
-18764.5082771   1500
-3961.80526909    530
-13831.0572986   1371
-14157.6210348   1500
-229.198760127    178
-13776.4563082   1500
-9760.45518823   1500
-11775.4608178   1500
-12729.9484084   1500
-8914.36598646   1170
-5506.38816762    506
-1564.10049612    245
-9639.99530897    924
-2021.93095769    391
-3307.4045883    766
