-47.543223198   1916
-248.46311558    155
-261.629143148   1442
-370.726006363    689
-185.636408552   2000
-152.872909083    600
-248.988939471    562
-249.030822763    550
-452.786338374    245
-45.3463790135    142
-312.15274639    506
-253.323219429    986
-272.329167353    326
-231.828077764   2000
-283.488262521   1661
15.454921813     80
-267.585058721   1834
-192.992799622    414
-308.127251899    701
-395.497682223    498
-154.081265035    862
-190.870572383    149
-198.105461752    223
-138.397914929    644
-190.182452044   2000
-170.490976894   2000
-274.839815313   2000
-59.6795003857   2000
-104.869934393   2000
-98.296462385   2000
-336.871727941   2000
-164.10955346   2000
-88.6772686831   1717
-50.5774498592   2000
-184.675579869   2000
-97.8293134561   2000
-368.009677903   2000
-292.921258238   2000
-280.092644738   2000
-44.7275067701    390
-154.796143819   2000
-70.8792798673   2000
-421.796669501   2000
-139.395596696   2000
-248.686380778   2000
-70.7908233969   2000
-66.7382501693   2000
-292.711044098   2000
-244.286859977   2000
-77.7050179588   2000
-149.317213432   1866
-101.512216993   2000
-449.752213997   2000
-59.3828464778   2000
-67.0069973959   2000
-125.474522658   2000
-241.548271842   2000
-486.776827981   2000
-62.0369901016   2000
-113.807926811   2000
-327.851789248   2000
-255.386165317   2000
-64.3960608291    766
-114.700897152   2000
-179.41202303   2000
-40.9654347121   2000
-250.180856364   2000
-375.259214166   1776
-367.360665378   2000
-124.338101265   2000
-177.222134645   2000
-133.097540117    623
-151.011248825   2000
-247.011708587    328
-477.2784925   2000
-221.19054112   1423
-368.768568863    378
-372.68448297   2000
-63.6299981898   1582
-179.325827568    518
-124.043018695   1750
-272.399342697   2000
-377.847592329   2000
-155.697038042   2000
-285.059966909   1545
-252.293735842   2000
-139.552229266   2000
-51.6200821984   2000
-436.558384069   2000
-350.764939305   2000
-141.119897836    520
-107.957295765   2000
-204.324886665   2000
-332.171036506   2000
-67.0117968259   2000
-192.244823889   2000
-186.615728045   2000
-166.482528268   2000
-374.397212854   2000
-109.529805165   2000
-137.878395519   2000
-86.5182404061   2000
-129.986804183   2000
-31.3125595036   2000
-219.868245349   2000
-149.038285282   2000
-209.205249145   2000
-50.8094206833   2000
-168.691285555   2000
-467.482912483   2000
-297.824454798    799
-364.831562656   2000
-74.2587744061   2000
-107.36383845   2000
-250.872437353   1553
-222.232370478   2000
-91.6338259012   2000
-249.989052004   2000
-159.045737146    945
-161.940274555   2000
-26.4634389506   2000
-206.919510028   2000
-198.346235278   2000
-109.739687319   2000
-197.904604774   2000
-87.5718827521    173
-144.564421727   2000
-191.674898978   1019
103.980246534     90
-12.3514337869    229
-100.830973405    132
-85.1245588948   1090
-109.981417714   2000
-19.1750659442   2000
-385.805290667   2000
-230.703232744   2000
-334.332235718   2000
-116.336683774   2000
-272.178041885   2000
-276.838335858   2000
-196.770046322   2000
-233.751804132   1929
-141.932175469   1762
-81.6247160956    873
-366.853939979    350
-107.311177475    494
-61.2205399635   2000
-228.399835651    523
-320.285092883   2000
-209.418706794   2000
-190.328575517   2000
-316.396573853   2000
-52.0912079068   2000
-223.325975781   2000
-188.543807557   2000
-95.7664311402   2000
-117.934571543   2000
-282.618242802   2000
-267.519763074   2000
-277.892170716   2000
-78.9126331699    169
-240.20995414    560
-93.6967676191    905
-323.406109585   2000
-315.144580565   1019
-90.9631948296    330
-226.591980199   1794
-300.180898484   1359
-142.691279561    247
-175.885146544    913
-88.4518012304   2000
-161.346282943   2000
-119.008856231   2000
-205.595400697   2000
-172.262123352   2000
-169.744087604   2000
-266.589638961   1347
-18.3304858469    130
-141.446712531   2000
-100.505525677   2000
-73.2556701204   2000
-228.399895138   2000
-142.303081682   2000
-484.336194295   2000
-55.126723662   1335
-251.282483731   1809
-87.4277447569   1063
-210.316626054   2000
-48.1243810493    553
-182.79471777   1126
-171.887331763    702
-182.113991727   2000
-250.842015279   2000
-204.468794527   2000
-361.754599784   2000
-60.7354681973   2000
-213.247590284   2000
-106.816372728   2000
-233.92242742   2000
-264.008253027   2000
-133.604982852   2000
-116.732623454   2000
-130.183368021   2000
-136.029361839   2000
-26.0830199918   2000
-263.252023533   1342
-21.6686138535    597
-87.7226039807   2000
-238.166548669   2000
-190.945488003   2000
-76.0825456325   2000
-106.919176082   2000
-187.531741688   2000
-150.973090736    337
-37.5183003407   2000
-9.21588445638   1592
-311.47845346   2000
-37.8031284909   2000
-249.318147479   2000
-79.6130973595   2000
-212.036917279   2000
-146.852875095   2000
-276.868805604   2000
-158.390450232   2000
-64.8218410316   2000
-203.410070624   2000
-337.847997717   2000
-161.747113959   2000
-218.927365651   1435
-223.149270495   2000
-31.9849167668   2000
-155.810069816   2000
-177.868713358   2000
-192.916382163   2000
-471.769474729   2000
-82.7521688241   2000
-81.0765614363   2000
-171.830953543   2000
-131.077782834   1885
9.44904742518    161
-303.549697673    137
-168.282361371    195
-86.3273420329    553
-298.02631609   2000
-109.763647538    135
-290.332730702    484
-36.0820766235   2000
-346.632948804   1297
-253.197608323   2000
-107.025936163    921
-210.77823031    942
-380.911899507   1286
91.8565762038    106
-292.781200891    175
-263.863885621   2000
-220.637614012   2000
-94.2696570068    610
-139.306476944    613
-329.603918338    216
-295.011855919    353
-285.794687296   2000
-154.466412042    614
-172.001371021   2000
-113.71730963    100
-59.4083179633    281
-86.2858995412    190
-201.073682447    766
-68.2739774257    840
-49.7598513278    136
-95.5876990642   1584
-125.912490782    668
-206.23109185    449
-244.721350713    931
-147.994791419   1834
-185.870054821   2000
-280.44300899   2000
-77.6868256646   2000
-70.8959404722   2000
-83.417174967   2000
-270.267080045   2000
-528.497265416   1279
-163.74869758   2000
-229.383577546   2000
-233.393789379   2000
-352.510435538   2000
-185.156106131   2000
-302.494489166   2000
-37.1982134939   1768
-128.7237817   2000
-111.408743766   2000
-17.6555917671   2000
-24.4178265291   2000
-171.722714222    522
-98.6347313576    446
-169.488629719   2000
-22.2529482223   2000
-122.213730723   2000
-269.106376399   2000
-199.280338601   2000
-277.92289671   2000
-296.146907029   2000
-282.023053579   2000
-194.819698138   2000
-158.609793225   2000
-133.071110711   2000
-227.064278635    609
-101.134236201    161
-384.540716565    246
-171.520335017    177
-255.87831018    172
-174.259525736   2000
-100.062399428   1085
-279.837340177   2000
-68.3244283517   2000
-225.178640815   2000
-91.7015237636   2000
-182.428833177   2000
-160.7564338   2000
-184.391884285   2000
-30.9288995556   2000
-94.5057197066   2000
-170.774954194   2000
-42.0192237662   1549
-71.7532075397   2000
-87.6976685075   2000
-81.0506034324   2000
-76.908988554   2000
-164.468558898   2000
-191.096224897   2000
-242.498677256   2000
-263.899884614   1342
-182.222316674   1472
-370.929068761   2000
-201.631578374   2000
-63.3902862575    630
-105.992236398   1492
-54.0305218799   1670
-173.000951328   2000
-344.056703296   2000
-190.768491051   2000
-141.320818043   2000
-203.037941029   2000
-98.8909999392   2000
-285.444390556   2000
-257.974387863   2000
-124.408650627   2000
-197.743980646   2000
-82.3785134629   2000
-161.565874087   2000
-79.8505960106   2000
-151.263776358   1000
-63.9938115705   2000
-212.936524124   2000
-25.9459774192   2000
-127.266904242   2000
-109.514763395    926
-326.623627557   2000
-16.871649814   2000
-202.230783792   2000
-380.795232291   2000
-185.739153377    963
-108.867354086   2000
-210.292936463   2000
-221.774177695   1668
-119.965702923   2000
-47.7877271901   1121
-137.19521881   2000
-317.448776969   2000
-240.688699398   2000
-137.812444896   2000
-206.826770879   2000
-88.9037539284   2000
-113.141040154   2000
-161.951102742   2000
-323.616986629    535
-264.054090976   2000
-157.70977344   1517
-274.369357193   2000
-61.8341627531   1143
-117.744248214   1582
-340.499226269   2000
-159.437558836   1310
-185.797765818   2000
-135.700352707   2000
-197.528210414   2000
-91.1701493386   2000
-219.495236914   2000
-469.687564072   1988
-319.545694843   2000
-109.502999795   2000
-109.633851432   2000
-174.08559468   2000
-108.595110918   1048
-303.857226839   2000
-94.2036176755   2000
-209.434944005   2000
-216.265907292   2000
-403.445244201   2000
-242.795291903    899
-30.6506524838   1234
-171.039182966   2000
-152.474552735   2000
-270.555753997    775
-190.544814916   1218
5.2978151999    193
-154.685803668   1491
-61.287465919   1499
-171.660776364   2000
-67.7180855212    906
-255.494954084   2000
-62.0668547686   2000
-81.0114529021   1179
-69.5125673413    272
-431.113929091   2000
-338.811847778    595
-518.960610516   1541
-85.3705744815    285
-101.55901803    208
-27.3711896736    514
-171.494728535    253
-64.6309700148    256
-421.956932952    961
-362.3306303    237
-122.374818123    302
-347.670421817    318
-37.3113567036    315
-199.875038883   2000
-195.386752659   2000
-129.209678294   2000
-229.019375395   2000
-139.370405545   2000
-325.661376953   2000
-31.8151277185   2000
-306.379163194   2000
-150.123876656   1431
-249.660963553   2000
-219.217517776   2000
-247.575309863   2000
175.358889879     85
-337.793526119   2000
-239.039412224   1596
-173.538455495   1428
-182.958012004   2000
-61.7475645465   2000
-62.7080201023   2000
-50.4907107562   2000
-260.499425109   2000
-171.673341181   2000
-105.401000208   2000
-281.443977051   2000
-87.1022685899   2000
-410.199770669   2000
-107.120640812   2000
-165.87078662   2000
-258.52081292   2000
-275.040965486   2000
-161.980431766   2000
-147.882043976   2000
-246.094086005   1519
-394.198846478   2000
-271.187414477   2000
-347.835805353   1852
-138.596986141   2000
-158.264247131   2000
-249.784571068   2000
-169.060466039   2000
-335.059085925   2000
-157.294175169   2000
-307.506121197   2000
-135.617763383   2000
-387.01332265    840
-247.721532024    368
-256.199398105   2000
-363.926995488   2000
-177.769808796   2000
-244.529464037   2000
-357.928546063   2000
-75.9740087623   2000
-132.151971616    716
-333.182216998   2000
-257.134294051   1859
-95.2925248056   1856
-461.988056624   2000
-280.493671396   2000
-191.81722622    692
-198.379448174   2000
-181.102259961   2000
-243.601754014   2000
-214.966838571   2000
-233.805062734   2000
-154.815674527   2000
-127.38349947   2000
-17.079269087   2000
-150.282564647   2000
-92.1312893264   2000
-177.449691815   2000
-60.4739158069   2000
-409.49813474   2000
-392.937568146   2000
-122.117120087   2000
