-2469.41056917   1500
301.0    394
-2291.5989095   1500
-340.0    848
895.0     65
-701.410569172    923
869.0    117
-818.410569172    969
-1472.01194975   1422
-229.919152538    667
-16.0119497511    535
715.988050249    159
 28.0    823
630.080847462    289
636.0    203
-308.0    805
 56.0    601
-45.410569172    618
-2983.5989095   1500
-144.0    657
229.0    391
302.988050249    379
-35.410569172    673
-45.5989094951    655
-433.410569172    725
-446.0    956
836.0    179
-2877.01194975   1500
 75.0    554
199.0    392
-2660.0   1500
155.080847462    431
278.0    419
-110.0    633
-259.410569172    786
-2479.41056917   1500
-94.9191525376    508
913.589430828     99
653.401090505    352
735.0    154
-542.011949751    962
798.080847462    143
485.401090505    289
127.988050249    487
854.401090505     72
363.401090505    330
444.589430828    319
774.401090505    190
211.0    588
-16.9191525376    515
213.080847462    426
708.401090505    211
782.0    139
809.589430828    101
930.0     72
685.0    188
910.080847462    111
896.589430828    130
548.589430828    264
972.0     83
691.080847462    243
800.0    143
907.080847462    131
693.0    219
647.0    182
878.080847462     79
990.589430828     56
904.589430828     51
882.589430828     97
948.401090505     77
943.401090505     43
964.0     55
545.0    301
834.080847462     92
913.401090505     95
917.080847462     57
917.589430828     83
765.0    159
986.401090505     38
874.589430828    103
901.988050249    115
695.080847462    162
306.589430828    356
605.589430828    254
450.589430828    283
471.401090505    285
307.988050249    394
927.589430828     52
897.080847462    149
622.0    250
911.0     60
969.080847462     56
299.401090505    421
929.0    147
928.401090505     40
736.080847462    140
909.401090505     50
741.401090505    142
857.401090505    112
611.080847462    207
993.589430828     19
923.988050249     70
872.080847462     83
856.589430828     99
725.080847462    138
930.589430828     40
833.988050249     97
994.589430828     32
990.589430828     31
799.401090505    105
964.401090505     36
551.589430828    241
994.589430828     27
936.589430828     40
991.589430828     29
959.0     37
786.988050249    108
984.988050249     56
990.589430828     44
875.0    176
867.080847462     69
994.589430828     14
926.080847462     34
968.401090505     32
993.589430828     23
871.0     79
881.589430828     64
852.589430828     73
900.589430828     52
822.0     96
896.589430828     56
914.0     85
954.080847462     46
838.589430828    110
728.988050249    171
987.0     30
861.589430828    127
853.401090505     90
845.589430828    125
730.589430828    395
863.589430828     81
695.0    216
807.589430828    101
595.080847462    441
808.080847462    116
907.401090505     55
564.401090505    225
871.0     92
975.0     22
855.0     98
905.401090505     84
902.0    112
746.0    166
901.080847462    101
882.589430828    135
826.080847462    111
948.0     64
592.401090505    242
983.0     45
997.589430828     52
726.589430828    265
-402.0    747
776.0     99
935.0     31
107.589430828    516
280.401090505    422
744.080847462    131
799.0    322
447.589430828    291
959.0     40
754.988050249    230
958.589430828    143
818.589430828     89
-48.410569172    536
894.080847462     90
658.589430828    284
951.080847462     44
709.080847462    274
908.0     43
985.0     31
928.0     38
733.401090505    188
536.401090505    257
157.401090505    480
948.0     39
891.589430828    112
589.0    275
817.080847462     95
782.080847462    125
864.0     74
652.589430828    178
839.589430828     82
893.0     72
726.0    142
872.988050249    127
865.988050249     73
512.0    276
-2958.41056917   1500
868.080847462    168
937.988050249     69
