-419.744626502    500  -11.9557304382
-67.0402747168    500  -28.2305870056
-330.717790742    500  -26.8924407959
-136.813156577    500  -44.4332199097
-117.113903241    500  -64.8000030518
-64.343982006    500  -53.1013298035
-346.284768105    500  -90.561668396
-309.432172739    463  -79.864151001
-162.782653411    500  -64.3104171753
-98.443486299    500  -70.1088943481
-241.760195027    500  -80.8323974609
411.933115753     39  -20.9332675934
43.4909167429     80  -49.7827453613
-432.933452894    207  -85.8720092773
-165.748679633    500  -76.4775085449
-73.0812299924    500  -91.6462249756
-161.312257973    500  -97.4094161987
-354.399048262    500  -88.2680587769
-88.2783375987    500  -33.6510391235
-61.0716520338    500  -21.4143009186
-175.188436104    500  -117.94543457
-93.8941837421    500  -35.5784950256
526.669659662     26  167.393585205
-138.114577357    500  68.1506118774
-224.602079688    500  -84.7983932495
-22.1865156712     89  464.85043335
-324.218308539    252  93.05884552
-329.635235645    500  23.8935089111
-394.28902494    235  151.351242065
-293.307934489    221  152.59463501
-64.0996807054    500  53.4512405396
-459.424299884    500  198.875778198
-354.794468287    500  36.8437385559
-206.3062176    500  96.6720123291
-369.430864507    500  121.987548828
-378.320436117    500  115.645690918
-467.202240558    500  94.1417694092
-97.979872117    500  61.0186462402
-231.366799142    500  -13.4959182739
-136.943082567    500  -42.0807647705
-304.385384162    500  204.691329956
-207.290943173    500  289.125061035
-373.42653408    500  47.456817627
-320.614976551    500  62.8492431641
-203.601439229    500  -24.8884792328
-262.739783593    500  -56.095287323
-314.371769395    500  -53.6521530151
-249.20971577    500  -42.0104598999
-325.702749124    500  -51.9296913147
-246.343291634    413  -35.3470802307
-324.72737021    500  -60.2651405334
-207.433460872    500  -36.2678642273
-283.476302724    129  24.3554363251
-61.867319608    500  -40.1061859131
-173.089145136    500  -63.4425010681
-48.3502444386    500  -61.7798042297
-122.613164134    500  -76.5556106567
-234.121396332    500  -91.4376068115
-338.840056968    500  -99.9500274658
-167.535958023    500  -50.3568572998
708.041648664     17  273.452880859
-75.7094494875    213  88.2200393677
-572.196878892    500  83.2469787598
-399.119558398    500  83.5542755127
-478.287462716    500  194.727935791
-51.0483127964    500  -60.1149215698
-236.55633973    500  -85.684715271
-256.078259425    500  4.59517192841
-353.36094695    500  -60.672088623
-44.7117753133    275  196.950668335
-103.613335736    500  -24.5449371338
-313.100556184    500  -45.5826568604
-45.6524958812    500  -12.2952346802
-202.762349496    471  65.890838623
-120.120719412    500  -11.6881952286
-161.508611501    500  -57.8263778687
-362.753794827    500  -98.9570007324
-149.07183399    500  -44.5600128174
-318.943045615    500  -32.6324996948
-50.3417929804    500  -17.0251998901
-413.514776565    500  -58.7927703857
-262.61043503    500  -77.2743606567
-264.23733052    500  -73.122177124
-446.959179011    500  -80.6949081421
-461.788528232    500  -101.170906067
-302.74719243    500  -11.3653106689
-304.648021541    500  -22.5492687225
-389.556019284    500  -61.9882049561
-349.102689699    500  -34.4560699463
-350.696223738    500  -70.5370788574
-392.173063676    500  -118.904579163
-138.510663296    500  -95.3542785645
-330.827598648    500  -93.028793335
-529.552476873    500  -75.7586212158
-402.290384006    500  -138.994827271
-622.676494489    500  -123.739906311
-435.72183739    500  -92.6995544434
-303.462160313    500  -87.3437271118
-428.236424026    500  -70.2235717773
-440.825546691    500  -98.8034973145
-306.56857408    500  -97.3634109497
-175.597984053    500  -99.7757644653
-467.598434804    500  -241.951751709
-492.628712053    500  -128.594741821
-424.779702066    500  -115.053985596
-116.234607619    500  -22.0326366425
-548.265361319    500  -143.48425293
-133.961787815    500  -141.62713623
-253.315550188    500  -136.49269104
-378.47684717    500  -195.214279175
-448.143292365    500  -170.723556519
-359.516938229    500  -77.0741271973
-115.575708713    500  -19.4252567291
-400.081318531    500  -72.6769638062
-313.287411052    500  -95.3337631226
-412.783902954    500  -188.87840271
-255.560788633    500  13.5107297897
-274.355013427    500  -11.982673645
-282.564321566    500  -119.728500366
-209.044025663    500  -98.1440505981
-385.048724221    500  -160.047683716
-234.351071418    500  -127.483795166
-484.425854729    500  -198.019165039
-33.4156306359    500  -145.904998779
-228.76982028    500  -158.336746216
-363.808007333    500  -170.52166748
649.514424743     20  -34.3466300964
-316.758239966    500  -175.703384399
-305.95425539    500  -107.121902466
-181.555581438    500  -140.549407959
678.843935136     17  44.2079620361
-30.6143735601    500  -153.156509399
34.079332124    115  15.8234548569
-295.108272962    500  -141.307388306
-332.406409953    500  -154.892349243
-468.344072219    500  -158.763046265
-113.223260972    500  -111.217346191
-31.3162842674    500  -124.69683075
-484.152895682    500  -136.224121094
-434.069991631    271  -144.285568237
-427.521030032    500  -163.298446655
-199.749198264    500  -108.701301575
-89.514483939    500  47.142829895
-468.227110928    500  -177.472381592
-386.577393921    500  -139.303939819
-364.177578744    500  -133.14956665
-258.103823773    500  -109.563796997
-464.673412563    500  -133.855224609
-531.636670174    500  -166.245880127
-470.984654884    500  -128.844985962
-615.608000929    500  -178.165908813
-486.315285476    500  -123.72013092
-223.263993943    500  -102.558189392
-76.5302240048    500  -121.364883423
-378.309935324    500  -47.1972846985
-43.4940800796    500  -59.1465530396
-316.092091132    500  -37.0476455688
-469.065345624    500  -4.62767982483
-436.756446529    500  -141.355316162
-425.026134679    500  -137.84765625
-272.517893167    500  -54.071105957
-76.435492241    500  6.72579669952
-8.66866430145    500  -95.1840438843
-67.4004688018    500  -46.9585456848
-269.468324659    500  -132.593566895
-37.4858881455    500  -113.619361877
-220.996400786    500  -81.4958343506
-117.872522018    500  -76.7146224976
-72.9101306645    500  -162.788009644
-434.442869626    500  -163.980621338
-332.725411064    500  -167.286773682
-464.753539948    500  -80.0130462646
-500.264784776    500  -112.433258057
-142.42060108    500  -48.294757843
-5.92663070687    500  -57.223739624
-97.2664400784    500  170.128890991
-489.15572259    500  -77.1926422119
-232.599464948    500  -129.628479004
-161.271457665    500  -141.957504272
-534.610710539    500  -112.555862427
-320.008978081    500  -101.043563843
-407.962235421    500  -147.774368286
-522.677456628    500  -152.371139526
-429.538529611    500  -163.859313965
-550.869534409    500  -156.170150757
-551.464277762    500  -195.62840271
-366.255644196    500  -177.950042725
-282.054227039    500  -112.253753662
-567.398062353    500  -209.266555786
-361.959073846    500  -154.42755127
-318.47543107    500  -168.627639771
-295.646113715    500  -215.666732788
-485.110738246    500  -192.114364624
-490.018821567    500  -187.31187439
-507.786227749    500  -167.803649902
-567.102059416    500  -189.815795898
-487.184853299    319  -189.5521698
-567.649208951    500  -142.959579468
-398.811074202    500  103.953689575
155.81273308     80  -44.7275886536
-513.673755225    500  -242.934310913
-338.690589692    500  -242.582839966
-602.903527477    500  -194.508239746
-476.349618914    500  -283.769226074
-515.09413906    500  -291.363677979
-501.657292362    500  -270.220428467
-400.108555742    500  -72.2207870483
-563.239987369    500  -271.784179688
-481.707684833    500  -252.836105347
-538.556899107    500  -250.199417114
-70.7613894615    500  -223.422744751
-495.181759606    500  -176.720703125
-214.852917507    500  -206.635375977
-230.921390693    500  -270.21472168
-288.929128196    500  -226.791122437
-354.311101403    500  -180.894226074
-232.781916016    500  -188.132553101
-421.814063844    500  -210.732696533
-190.446630884    500  -179.54977417
-131.227488918    500  -190.195846558
-316.771509604    500  -187.705963135
-138.421449029    500  -146.441650391
-194.626843715    500  -154.641571045
-205.204212935    500  -144.730407715
-231.422930585    500  -131.984985352
-438.678052362    500  -168.851211548
-413.627102366    500  -215.721405029
-410.751570349    500  -148.223495483
-313.769865284    500  -182.721862793
-274.215385732    500  -138.244613647
-449.944291267    500  -108.77456665
-429.279890977    500  -111.313690186
-319.467594995    500  -117.792861938
-397.508339513    500  -158.899490356
-359.83454031    500  -182.095443726
-468.186948682    500  -153.16784668
-231.066981809    500  -198.940063477
-389.032953716    500  -233.741333008
-580.152528203    500  -247.926086426
-502.813674951    500  -227.810928345
-341.199549229    500  -274.427490234
-55.4611216357    500  -118.508651733
-321.985800563    500  -197.165344238
-479.830026677    500  103.585174561
-122.00055169    500  -148.316680908
-207.823278467    500  -97.9704360962
-184.909374219    500  -70.068977356
-247.246166281    500  -192.739547729
-497.665863789    500  -137.976745605
-514.469565669    500  -163.477218628
-331.801208702    500  -31.9231491089
-206.510423355    500  -76.7069549561
-255.483905535    500  -106.610153198
-196.37845183    500  -99.3991088867
-361.809635028    500  -173.598861694
-183.026225181    500  -84.5990371704
-300.404737432    500  -111.468215942
-98.8354931185    500  -143.272094727
-52.9820177027    329  -25.0211868286
-301.767618737    460  41.0386123657
-312.59693112    157  246.923858643
-328.160252315    152  -12.8493328094
-256.874219655    500  -113.021194458
-53.2390576324     79  159.877120972
-495.18427133    500  -175.059967041
793.956606062     11  252.388031006
759.771537299     13  199.931411743
759.771537299     13  198.788894653
-289.799684167    134  -25.4963951111
-275.145365017    500  100.047531128
745.003636627     14  311.657928467
34.2780772605     88  201.088973999
-155.557985831    294  -26.8141441345
701.935038554     17  370.459625244
643.88790836     20  293.881652832
759.771537299     13  264.90814209
-264.985341956    500  -53.3384819031
814.486219523     10  457.897705078
-440.553361266    430  -152.910247803
-426.168495641    500  -106.005310059
447.778828364     31  394.6902771
-503.118266143    500  -155.372909546
-284.331451235    356  43.7871780396
-291.808888648    453  -108.124755859
-397.450623763    500  -156.736190796
-318.968467877    500  -13.4768047333
-266.865982418    500  -113.500984192
-58.3059919763    500  -76.8251113892
-465.587589337    500  25.9707813263
737.663115615     14  483.017791748
-259.854155758    500  -24.9577655792
-329.820581514    500  -151.158065796
-289.568354939    232  68.3406677246
-204.895209574    500  -183.653579712
-281.346932215    500  -125.284957886
-394.466754232    500  41.3705482483
-307.576408718    500  -114.49949646
-439.923543421    500  -128.122573853
-395.220728428    500  -125.141052246
791.068099625     11  394.698547363
793.956606062     11  421.503204346
711.353142088     16  412.253173828
761.462927848     13  387.744628906
793.956606062     11  394.356536865
761.597826256     13  375.574859619
780.374020448     12  483.475585938
-464.503420936    500  -97.7877349854
798.090520758     11  649.161804199
-212.921504153    500  70.707359314
796.511305327     11  559.435058594
780.495657257     12  588.115539551
799.048684182     11  623.046203613
750.204591087     14  555.588806152
799.012888918     11  632.987670898
662.07631606     19  497.665557861
745.463736529     14  443.183105469
224.531904815     51  469.15725708
-416.123927917    500  -11.274433136
-330.275451061    500  12.2829179764
-486.176002203    500  -62.7963294983
-318.187872461    500  437.750366211
-87.7808085204     94  113.623054504
690.577371502     18  788.385314941
-52.2750439735     96  650.106811523
715.755090663     15  588.951477051
-447.55622265    271  -24.228515625
-285.292531736    444  218.116134644
-452.226792032    500  551.580932617
368.167316469     49  131.059875488
-436.21686699    500  -104.478363037
812.764437535     10  426.532531738
830.313364224      9  492.110626221
799.916809715     11  560.404052734
-489.331744626    500  -102.963287354
152.05300746     49  160.431259155
-309.478439673    216  152.740020752
-9.26838470759     70  356.33706665
690.308259975     18  557.37487793
718.888761346     16  549.538330078
-291.077267638    500  396.2421875
-94.0279744435    387  314.233123779
-328.472607763    201  456.288513184
-187.977012593    143  87.9519805908
639.282627161     22  566.619812012
-164.033236475    109  -5.69040727615
567.327016516     25  484.79006958
-59.4789950055    354  550.697021484
-204.109852105     90  524.031921387
-480.726257471    500  310.779815674
126.407514355     54  493.236541748
-320.55860814    237  470.144348145
423.147750681     36  200.517166138
712.179588338     15  433.19039917
799.916809715     11  513.918701172
-74.3991034401     79  452.238922119
691.226733073     18  274.039215088
634.965495782     22  522.566650391
-166.834322168    248  420.005493164
685.846635179     18  554.417541504
-339.662571092    500  377.80456543
-459.529974795    500  385.566192627
-420.404552942    365  253.454650879
-460.049973502    500  -111.42527771
-599.951678976    500  -32.0063819885
-310.359291577    195  174.060119629
-123.231794551    184  17.9128360748
-359.506917757    127  157.77116394
-353.895650418    500  -126.830474854
-362.089541812    500  -106.32447052
-280.743415585    500  -93.1070785522
-376.02713769    500  22.1578598022
-526.23851549    500  57.1808433533
-143.755584835    500  -97.9694290161
-326.811760424    500  124.273033142
-162.36864232     90  446.33694458
-307.854069441    475  -3.73033308983
-412.034012092    309  85.9687347412
-356.157757476    194  30.392375946
210.472049976     52  320.021820068
454.661588036     31  268.065612793
-327.028854527    411  17.0850925446
-226.447593166    329  156.605178833
-268.965151767    500  43.8873596191
-319.664005665    500  57.5796051025
-386.388774708    303  -38.0914077759
-162.875837413    436  21.7465648651
-92.1713667452    275  24.2262115479
626.632171014     20  173.665084839
-17.0486474468    202  171.819885254
-149.375158162    500  -141.958984375
-184.920124198    500  -84.0667648315
-30.402583988    500  -67.0419845581
-521.493105513    500  -144.375839233
-16.3204654209    500  22.1161556244
-25.9340516699    500  9.66734409332
-2.94892616996    500  -5.00976228714
-646.516760218    500  45.7630653381
-286.718203887    500  189.009048462
-180.130598348    500  458.599853516
-178.716978801    500  277.334228516
-104.506850774    121  77.7586669922
-310.818931715    500  171.004364014
-141.907370653    500  61.788608551
-451.773210065    500  25.7773742676
-234.8505747    500  -23.0505943298
-392.434924717    500  -16.430683136
-248.422404916    500  -54.7938842773
-533.949337204    500  -67.7143478394
-353.358535865    500  -47.1705856323
-244.67644365    500  -17.7442378998
-85.7364567724    500  -118.198318481
-320.665400657    500  -87.9118881226
-465.589945762    500  -130.783035278
-459.774719957    197  -44.5763244629
-94.1363500197    500  -165.945129395
-424.347977611    500  -177.013778687
-349.395132778    500  -233.791503906
-422.183721818    500  -222.794296265
-460.686329653    500  -172.147079468
-339.054878857    500  -192.151733398
-639.290090051    250  123.34551239
-629.413860308    500  126.846893311
-483.2809194    500  -172.759475708
-242.037393442    458  24.1888523102
-541.37892644    389  178.414138794
-571.331334941    500  153.809890747
-472.566591437    500  128.430160522
-390.394322817    500  -28.9199485779
-97.9476931393    370  -96.6889266968
-146.988261027    500  -24.1649398804
-75.655916683    500  6.13753890991
-63.8876442384    500  83.4365921021
-43.4081791822    500  361.611938477
-458.717903657    447  241.38104248
-5.07801609093    500  -3.89175772667
-401.540504825    500  146.187988281
-300.804628928    500  83.3320617676
-111.88765824    500  202.920532227
-357.434009458    500  34.8100738525
-456.348822766    500  227.61869812
-440.15341236    500  30.2764587402
-325.606382258    500  -15.8311014175
-542.051793214    500  -200.769165039
-488.841490883    500  -164.615127563
-21.7518052895    500  -52.774974823
-1.00117747665    500  -68.0532989502
-10.2585033225    500  -77.9201278687
-192.41426595    500  3.84157919884
-360.652704322    500  -94.6631088257
-328.525023676    500  -53.0531959534
-339.00174107    500  -1.44287502766
-121.832703622    500  -89.0988006592
-134.339696303    500  -92.821762085
-102.167384247    500  -56.7544937134
-76.1150785379    500  -69.1335449219
-211.545991232    500  -77.1495437622
-399.402245038    500  -27.2617263794
-256.164342291    500  -43.0661087036
-390.886819111    500  -126.803688049
-440.532934348    500  -66.7080230713
-285.915468306    500  -36.9842224121
-420.754289555    500  -43.3149147034
-77.2404040191    500  46.264087677
-349.532457505    500  -0.123007811606
-398.651747251    500  -1.12299025059
-509.05944448    500  74.002204895
-504.135513578    500  -106.242362976
-631.905700188    500  -149.124786377
-447.852618404    500  -109.395965576
-349.195999683    500  -131.315002441
-45.1345274864    500  -161.282211304
-14.8723233992    500  -108.605262756
-82.0753993004    500  -92.9677276611
-3.43172691937    500  -110.393844604
-51.4980062358    500  -104.339744568
-53.1091016066    500  -114.365104675
-175.223918052    500  -119.158622742
-15.6850178767    500  -72.3336639404
-47.9025307202    500  -77.846862793
-24.8658885806    174  -96.1338348389
-3.9956381039    500  -98.0892410278
-163.217760064    500  -114.572738647
-123.114019983    500  -95.0048141479
-306.863071488    500  -68.0466918945
-317.940945086    500  -86.8304824829
  0.0    500  -36.7786331177
-37.4935122988    500  -26.405670166
-50.3079567424    500  -58.6002693176
-11.2945447272    500  -67.7142868042
-41.807169134    500  -57.7214584351
-73.685555895    500  -76.9508285522
-160.000484313    500  -100.519737244
-275.491712991    500  -35.3739471436
-45.8845251968    500  -91.1489486694
-140.037258098    500  -22.7410163879
-17.985653552    500  -67.42603302
-34.7441622076    500  -31.3737564087
-18.3048481499    500  -62.3013420105
-154.421897306    500  -53.9119529724
-5.40163631328    500  -61.8332023621
