-94.1023648307   1000  -12.6887683868
-58.7081339093   1000  -38.234790802
-159.560546854   1000  -63.9917030334
-45.913133111   1000  -84.5984573364
-53.6493783333   1000  -99.6069869995
-46.9546592746   1000  -71.6944656372
-244.921658416   1000  -107.487075806
-39.4089459003   1000  -78.0328140259
-136.383628859   1000  -94.5050125122
-286.009996509   1000  -126.233276367
-59.6765823348   1000  -108.955940247
-148.96006151   1000  -117.559402466
-264.140917136   1000  -116.521759033
-50.0406810758   1000  -128.439300537
-366.110747427   1000  -125.11681366
-71.014550994   1000  -126.441581726
-154.680808707   1000  -139.230575562
-315.414552902   1000  -138.318588257
508.042528536     29  -154.853164673
-177.57758202   1000  -121.436607361
-13.7599690326    210  -166.163711548
788.79633098     12  -134.06854248
417.904206521     43  -125.937522888
-108.253527362   1000  -101.540473938
-266.613375294   1000  -129.228622437
513.096906686     32  -13.2168884277
-54.8060496182   1000  -110.668624878
-166.927381716   1000  -102.511451721
829.316742237      9  -9.23014831543
645.255358741     20  -4.08415365219
723.797720592     16  -31.6656742096
817.072806888     10  -4.89314365387
750.283451632     14  -11.1837768555
494.388758496     34  -9.91478252411
852.184741116      8  -10.0303602219
710.476042895     17  -11.4774017334
527.625961465     24  5.36321496964
854.842629827      8  -17.2726020813
-216.103761793   1000  -71.2200775146
724.201538515     15  22.6902256012
903.9207968      5  50.4057617188
853.956787446      8  63.0272979736
834.314457499      9  34.8594894409
850.763022582      8  43.9582366943
884.938460067      6  57.9548301697
885.842380864      6  51.4919433594
867.769860456      7  43.2843551636
769.589084629     13  58.3955459595
854.842629827      8  54.9572601318
628.434404191     20  21.2666530609
850.763022582      8  29.2940120697
709.392351085     15  79.010269165
889.921988109      6  52.2447547913
904.487492169      5  61.1601867676
903.028824694      5  65.6832122803
886.409076233      6  61.430683136
926.447767245      4  59.6065139771
903.9207968      5  66.4287567139
926.447767245      4  60.3099822998
-84.1497476732    350  102.648300171
871.263948492      7  135.41633606
852.979069667      8  144.228851318
813.695590288     10  139.111923218
765.64517266     13  134.341156006
639.995422629     18  166.152160645
799.827429953     11  154.560852051
889.921988109      6  163.51399231
872.205140492      7  156.808502197
872.205140492      7  164.2525177
863.580237803      7  163.003540039
-122.238140991   1000  237.430343628
889.921988109      6  337.3152771
888.999619949      6  349.300567627
926.447767245      4  351.904998779
889.921988109      6  348.62109375
847.385805982      8  352.473327637
829.316742237      9  336.071899414
837.827369376      9  331.197631836
889.921988109      6  338.031280518
926.447767245      4  338.823425293
836.886177376      9  290.373779297
906.174115089      5  353.624755859
817.163855695      9  336.317504883
866.335770069      7  376.324432373
908.000404045      5  366.549163818
900.5435802      5  366.774414062
884.016091907      6  364.056518555
908.000404045      5  365.782470703
926.447767245      4  361.129394531
889.036145729      6  371.134490967
868.692228616      7  377.058319092
926.447767245      4  373.853607178
926.447767245      4  371.117675781
903.9207968      5  381.36126709
688.014695937     18  418.907287598
926.447767245      4  381.04977417
926.447767245      4  381.451904297
926.447767245      4  382.242980957
889.921988109      6  375.379119873
926.447767245      4  385.540649414
852.648402572      7  378.176544189
753.878713754     14  420.748016357
926.447767245      4  389.076904297
889.921988109      6  390.896575928
926.447767245      4  389.155151367
908.000404045      5  388.104248047
905.232923089      5  381.416107178
926.447767245      4  392.593688965
903.9207968      5  404.663696289
905.232923089      5  382.819519043
908.000404045      5  383.103210449
926.447767245      4  395.308959961
926.447767245      4  395.208343506
926.447767245      4  394.087799072
926.447767245      4  394.026916504
872.205140492      7  386.832305908
926.447767245      4  395.199829102
926.447767245      4  395.970428467
926.447767245      4  397.447143555
887.154507153      6  395.025787354
926.447767245      4  400.539001465
926.447767245      4  401.421234131
905.232923089      5  398.226776123
-254.486590305   1000  137.238311768
908.000404045      5  689.438598633
908.000404045      5  683.741943359
926.447767245      4  676.697021484
926.447767245      4  682.092834473
889.921988109      6  664.349182129
926.447767245      4  690.23034668
926.447767245      4  691.54309082
926.447767245      4  691.105834961
889.921988109      6  696.593200684
926.447767245      4  697.199584961
900.5435802      5  712.660339355
926.447767245      4  695.64050293
872.205140492      7  696.35345459
900.5435802      5  720.60559082
926.447767245      4  699.567687988
926.447767245      4  700.40637207
926.447767245      4  701.098327637
908.000404045      5  714.056518555
889.921988109      6  698.722595215
903.9207968      5  717.836975098
889.921988109      6  658.855285645
926.447767245      4  704.978759766
926.447767245      4  703.690246582
926.447767245      4  701.551147461
884.016091907      6  719.649719238
926.447767245      4  707.516845703
926.447767245      4  705.431091309
926.447767245      4  702.919433594
926.447767245      4  698.801757812
926.447767245      4  696.605957031
900.5435802      5  724.292175293
903.028824694      5  717.098266602
889.921988109      6  676.629699707
926.447767245      4  701.579040527
926.447767245      4  689.077087402
889.921988109      6  675.752502441
908.000404045      5  694.547485352
900.5435802      5  719.241760254
926.447767245      4  699.40625
926.447767245      4  699.853271484
926.447767245      4  701.237976074
882.465164264      6  728.958679199
908.000404045      5  683.915039062
926.447767245      4  695.256286621
926.447767245      4  694.689697266
906.174115089      5  697.917175293
926.447767245      4  697.275695801
926.447767245      4  697.87701416
926.447767245      4  695.617370605
926.447767245      4  695.138122559
926.447767245      4  694.906982422
904.487492169      5  699.405151367
926.447767245      4  697.524963379
926.447767245      4  701.251342773
854.842629827      8  691.637939453
926.447767245      4  701.605834961
926.447767245      4  699.126037598
926.447767245      4  696.866088867
926.447767245      4  696.009521484
926.447767245      4  697.713012695
904.487492169      5  698.722900391
926.447767245      4  699.049682617
926.447767245      4  701.985534668
926.447767245      4  704.04498291
926.447767245      4  705.720458984
926.447767245      4  704.143371582
889.921988109      6  699.063659668
889.921988109      6  690.458190918
926.447767245      4  704.287475586
906.174115089      5  709.56237793
926.447767245      4  708.264709473
900.5435802      5  722.959716797
908.000404045      5  692.560180664
926.447767245      4  701.586853027
926.447767245      4  700.286804199
926.447767245      4  701.217773438
926.447767245      4  703.90423584
926.447767245      4  705.947875977
926.447767245      4  706.993408203
926.447767245      4  707.325439453
926.447767245      4  707.205505371
926.447767245      4  706.850158691
926.447767245      4  706.411987305
888.095699153      6  714.719421387
886.409076233      6  702.331054688
926.447767245      4  705.063537598
926.447767245      4  705.049987793
926.447767245      4  704.268005371
926.447767245      4  705.467651367
926.447767245      4  706.932617188
900.5435802      5  729.836730957
926.447767245      4  709.32244873
889.921988109      6  708.351867676
926.447767245      4  708.76739502
889.921988109      6  714.01739502
926.447767245      4  706.613464355
926.447767245      4  706.828857422
926.447767245      4  706.623840332
926.447767245      4  705.700561523
926.447767245      4  704.684204102
872.205140492      7  710.315612793
926.447767245      4  706.977661133
889.921988109      6  697.208068848
926.447767245      4  700.265136719
900.5435802      5  724.42791748
903.9207968      5  723.503051758
926.447767245      4  708.637878418
908.000404045      5  694.340209961
905.232923089      5  698.259643555
926.447767245      4  705.009765625
926.447767245      4  704.914428711
926.447767245      4  705.429870605
926.447767245      4  705.882202148
926.447767245      4  708.821228027
926.447767245      4  708.02746582
926.447767245      4  708.770751953
926.447767245      4  712.620727539
926.447767245      4  712.492492676
889.921988109      6  707.964538574
926.447767245      4  711.076171875
926.447767245      4  711.563476562
908.000404045      5  723.451843262
926.447767245      4  712.955993652
903.028824694      5  727.157348633
926.447767245      4  714.599365234
904.487492169      5  712.077209473
926.447767245      4  715.567382812
908.000404045      5  720.812133789
926.447767245      4  708.423583984
926.447767245      4  706.656738281
926.447767245      4  706.685668945
908.000404045      5  711.727355957
926.447767245      4  708.802001953
868.125533247      7  730.549865723
889.921988109      6  720.399597168
926.447767245      4  713.255493164
889.921988109      6  704.132019043
889.921988109      6  723.922851562
908.000404045      5  725.370483398
926.447767245      4  718.135864258
926.447767245      4  718.153198242
926.447767245      4  716.606506348
908.000404045      5  726.012329102
889.921988109      6  696.198547363
926.447767245      4  709.42175293
887.154507153      6  720.944091797
926.447767245      4  710.278015137
900.5435802      5  733.717102051
872.205140492      7  708.10168457
926.447767245      4  712.45715332
926.447767245      4  711.257385254
926.447767245      4  711.227539062
926.447767245      4  710.520385742
889.921988109      6  708.777038574
926.447767245      4  711.366027832
926.447767245      4  711.014038086
903.9207968      5  726.407043457
908.000404045      5  716.265075684
926.447767245      4  708.167663574
926.447767245      4  707.004394531
889.921988109      6  700.424621582
-284.168637694   1000  162.63961792
-430.339606368   1000  -48.1693840027
889.921988109      6  862.318359375
868.692228616      7  835.171508789
926.447767245      4  880.710876465
926.447767245      4  883.521911621
926.447767245      4  885.829711914
926.447767245      4  886.978942871
926.447767245      4  881.183105469
926.447767245      4  879.91796875
926.447767245      4  878.799316406
905.232923089      5  856.137512207
926.447767245      4  877.261779785
926.447767245      4  877.786193848
926.447767245      4  876.117248535
926.447767245      4  874.607299805
906.174115089      5  887.150695801
904.487492169      5  876.046020508
926.447767245      4  879.445495605
926.447767245      4  882.078674316
926.447767245      4  885.346862793
926.447767245      4  886.243408203
926.447767245      4  888.273925781
926.447767245      4  885.024108887
926.447767245      4  882.498718262
926.447767245      4  879.529418945
926.447767245      4  879.680175781
926.447767245      4  883.081298828
883.074899907      6  881.289367676
926.447767245      4  890.897705078
926.447767245      4  890.895263672
926.447767245      4  890.0859375
908.000404045      5  889.856750488
908.000404045      5  879.224487305
908.000404045      5  884.309875488
-449.694331495   1000  -58.8482093811
-275.627416512   1000  -65.2570037842
591.301185177     20  513.25402832
562.04331398     22  521.763916016
741.566936395     13  659.464538574
631.704077129     21  762.479797363
533.551938944     26  718.678833008
865.038905278      7  902.854431152
884.545516073      6  873.443847656
808.481875358     10  856.15222168
795.621910119     11  866.038879395
808.481875358     10  866.030639648
827.658414193      9  909.697937012
778.681618424     12  811.692321777
624.970065552     23  859.861083984
641.170696074     22  903.494140625
-421.708668974   1000  -18.611000061
904.487492169      5  928.080200195
904.487492169      5  948.226257324
904.487492169      5  956.163269043
908.000404045      5  958.263061523
889.921988109      6  947.259765625
908.000404045      5  948.66192627
908.000404045      5  956.622192383
926.447767245      4  928.242919922
885.842380864      6  924.726501465
903.028824694      5  913.105957031
872.205140492      7  903.123962402
908.000404045      5  951.407409668
889.921988109      6  955.848632812
840.252133888      8  907.704956055
908.000404045      5  940.93572998
908.000404045      5  928.670043945
889.921988109      6  917.336242676
908.000404045      5  934.40411377
851.329717951      8  910.080810547
884.545516073      6  880.967346191
884.545516073      6  891.317443848
884.545516073      6  879.395751953
884.545516073      6  893.327636719
865.924747659      7  880.068481445
885.842380864      6  917.911437988
908.000404045      5  932.003234863
926.447767245      4  912.925109863
926.447767245      4  918.421508789
926.447767245      4  933.874511719
926.447767245      4  938.077270508
926.447767245      4  927.018127441
889.921988109      6  932.645080566
908.000404045      5  941.327453613
908.000404045      5  957.228515625
908.000404045      5  961.018554688
908.000404045      5  945.71697998
903.9207968      5  954.927246094
903.9207968      5  927.463562012
908.000404045      5  939.676635742
926.447767245      4  935.936401367
926.447767245      4  943.32043457
926.447767245      4  947.921875
926.447767245      4  946.672851562
926.447767245      4  941.776977539
926.447767245      4  938.531860352
926.447767245      4  930.602905273
926.447767245      4  925.560668945
926.447767245      4  924.524291992
926.447767245      4  923.634033203
926.447767245      4  919.828735352
926.447767245      4  912.633789062
872.205140492      7  935.152160645
904.487492169      5  944.06427002
904.487492169      5  948.457641602
886.409076233      6  866.932922363
847.856393155      7  868.480163574
926.447767245      4  917.658203125
926.447767245      4  917.569519043
926.447767245      4  925.647338867
926.447767245      4  933.247680664
889.921988109      6  921.679016113
926.447767245      4  920.634277344
926.447767245      4  912.830810547
926.447767245      4  918.288330078
926.447767245      4  930.342468262
926.447767245      4  937.222595215
889.921988109      6  927.979919434
904.487492169      5  931.953491211
926.447767245      4  918.033691406
926.447767245      4  919.614196777
926.447767245      4  924.873474121
926.447767245      4  928.74987793
926.447767245      4  925.916748047
908.000404045      5  938.18359375
904.487492169      5  933.893859863
900.5435802      5  948.07208252
868.692228616      7  928.127380371
904.487492169      5  932.323547363
851.329717951      8  965.508666992
908.000404045      5  962.623535156
889.018067313      6  948.544006348
908.000404045      5  970.30859375
904.487492169      5  952.879272461
904.487492169      5  938.031066895
904.487492169      5  932.849975586
904.487492169      5  916.885742188
884.545516073      6  891.51373291
868.125533247      7  980.928405762
884.545516073      6  886.590270996
884.545516073      6  888.73651123
884.582787276      6  931.864440918
886.409076233      6  938.359313965
884.545516073      6  805.626159668
865.924747659      7  898.305297852
884.545516073      6  881.515075684
884.545516073      6  899.444152832
904.487492169      5  942.669311523
908.000404045      5  952.280639648
908.000404045      5  944.598510742
926.447767245      4  921.549438477
908.000404045      5  943.158569336
908.000404045      5  947.96875
908.000404045      5  948.89050293
888.095699153      6  937.057312012
872.205140492      7  939.775268555
904.487492169      5  931.151550293
926.447767245      4  929.980712891
926.447767245      4  926.795288086
889.921988109      6  927.09185791
926.447767245      4  930.925842285
889.921988109      6  917.930114746
926.447767245      4  915.652587891
926.447767245      4  914.22265625
926.447767245      4  916.07421875
821.152414133     10  898.674804688
908.000404045      5  942.875671387
904.487492169      5  939.040527344
848.67182924      8  947.966918945
904.487492169      5  930.664672852
926.447767245      4  910.983520508
906.174115089      5  920.808776855
908.000404045      5  925.184570312
926.447767245      4  914.566345215
926.447767245      4  924.113037109
926.447767245      4  931.327148438
926.447767245      4  943.95324707
889.921988109      6  959.074645996
926.447767245      4  942.671813965
884.950408758      6  935.912597656
905.232923089      5  906.4375
903.9207968      5  940.49230957
900.5435802      5  961.003601074
926.447767245      4  930.005004883
926.447767245      4  929.197998047
908.000404045      5  942.359191895
926.447767245      4  930.934326172
904.487492169      5  945.568237305
904.487492169      5  929.060913086
886.409076233      6  932.459899902
886.409076233      6  940.809997559
866.828668456      7  903.515319824
904.487492169      5  936.887695312
908.000404045      5  942.873840332
889.921988109      6  916.74420166
908.000404045      5  944.30078125
908.000404045      5  944.955078125
908.000404045      5  942.811523438
887.154507153      6  926.141418457
908.000404045      5  961.484680176
888.095699153      6  943.355041504
884.582787276      6  936.980957031
904.487492169      5  924.751586914
886.409076233      6  913.856872559
865.924747659      7  797.944152832
865.924747659      7  890.485717773
864.748316647      7  985.756286621
884.545516073      6  879.621520996
903.9207968      5  962.777160645
904.487492169      5  936.325012207
904.487492169      5  904.627258301
884.545516073      6  876.780700684
884.545516073      6  895.925476074
830.715376788      9  907.047241211
