-3387.6611272   1324
-9908.48207767   1358
-6353.42682745    780
-8227.38250907    954
-17029.1736037   1536
-12608.8380574   1477
35.9906868637    282
-824.669585276    454
-7376.74058612    712
-6421.11792221    737
-8088.07434358   1262
-104.529839373    214
733.114785377    161
-4459.52665078    599
-1652.52314292    359
219.927080812    274
-4145.47212646    491
-1477.67533877    353
-5503.87721831   1029
-2363.47027625    446
-4212.09867823    553
-5515.46256903   1091
-596.120902208    357
-7998.9316786   1018
-18061.8170613   2000
-13830.9666919   2000
-7819.71723989   2000
-9452.46372732   2000
-6510.08319557   1251
-12729.0811153   2000
-15164.567335   2000
-5038.88891718   1212
-6802.31531189   1086
646.748932202    566
-10894.6765469   2000
-13961.4930461   2000
-14367.8286647   2000
-303.146479514    232
-9857.52592161   2000
-10257.6514061   2000
-7343.37473431   1185
-20965.1641627   2000
-8085.09518611    864
-17981.8413496   1718
-18601.6182706   1992
-5690.38680989   1028
-2414.70390477   1121
-70.9495958038    366
-14618.9244523   2000
-2639.95772274   2000
-4146.97499468   2000
-5149.03892885   2000
-6410.16467769   1766
-3115.9761118   1877
-9892.48827117   2000
-17520.0928999   2000
-19267.1846709   2000
-12581.1793685   2000
-925.527897531    458
-79.475096293    168
-20434.3609872   2000
-5877.43095524    763
-4488.05374472    569
66.5909263496    178
-310.94489541    193
-18884.0462802   1874
-15558.1294881   1660
-3039.29495161    360
-21162.8762604   2000
-21745.8878734   2000
-2106.44484731    362
542.655652163    110
-749.272300526    398
-1346.93936442    341
-5457.6848442    838
-4211.7517199    555
-2648.24087448    425
-9787.59338785    953
-7829.07742521   2000
-1240.20893624    402
-5992.74815892   2000
118.887858212    315
-11456.4706144   2000
-1298.72634019    288
643.188916526    136
-2856.52432874    507
-10137.6680291   2000
-2933.50351669   2000
146.029936066   1013
-5139.20551322   2000
-6951.62335611   2000
-13670.0194707   2000
-17292.347355   2000
-3656.18573899    703
-8001.81373384    913
-15907.8120324   2000
-16676.7020777   2000
-11758.2270598   2000
-10650.1502429   1655
-5370.68133401    652
-678.738155607    219
-16139.6404672   2000
-947.830246405    415
-4150.88010286    759
-1778.66346259    409
-159.667629507    366
720.701680321     67
-986.263662897    393
-7147.15472395   1055
-3056.9287295    426
-1159.08713107    489
-9903.57667265   1175
-2910.21507139    384
-20470.9043572   2000
184.685539508    220
-3823.42196265    547
202.27881335    221
-13631.5304876   1462
-64.6043436729    273
-7066.35319624    932
-2164.73869864    592
320.661640799    184
-18681.3269507   1876
-5248.916768    699
-1092.25210457    243
-799.978857634    276
-6767.71485024    728
-1524.46621697    577
-16433.8381304   2000
-5971.70665526   1234
-2628.26692837   1336
-4199.82362223    489
-2299.3865584    298
35.3225185887    213
-2575.15176682    456
-852.974602415    216
-12248.933252   1131
442.153768414    169
-7924.96699914   1009
-2223.84227868    275
892.2749541    144
63.1081545557    241
-456.551712245    222
735.031693051    175
-709.835685613    379
-402.65795973    204
-572.211201739    330
-263.323534318    275
-2546.68997739    545
559.481472812    173
-13978.6088722   2000
-15818.0574976   2000
-14477.3809956   1871
-13594.2477549   2000
-12098.2393917   2000
-9510.2517731   1634
-2668.04622438    343
-3460.22355336    571
-23042.6660551   2000
-17366.3787644   2000
-23412.3280389   2000
-15654.0716447   2000
-20047.3032037   2000
-15792.9175358   1636
-5807.66873081    697
-3501.6737471    488
-2073.99898757    350
-24247.4113783   2000
-22086.6721557   1850
-16020.6479684   2000
-2903.15272225    417
-6742.46496692   1269
41.6054515595    253
-17294.0386856   2000
-11767.440664   1281
-2720.36633443    516
-3510.83773862    428
-2286.94165135    294
-1407.24223483    256
-5979.89755458    730
-4492.0297209    525
-2220.45357164    331
-5325.84157394    723
-1588.74759365    363
-2961.96535887    489
-10806.3501612   1031
-20484.8623336   1788
-1749.10697939    327
-5138.03654972    578
-418.154428525    202
-977.406853393    318
-471.991967444    385
-1378.29454787    509
-1395.64246364    434
-2737.06517888    692
244.043435004    117
-1034.22004019    465
-4695.90185523    642
-397.505147237    194
-2175.06597834    546
-839.644781045    316
-148.744849441    355
592.156147287    251
-815.419658212    299
310.233763955    176
105.680379599    235
-18.2366775549    312
-7613.59186096    956
-6577.49390018    989
-11528.5611229   1166
-115.259688689    297
-5294.19014914    747
300.26349329    164
-71.7523294337    154
-806.580521449    382
-1743.8180329    420
-142.29510027    251
-2841.37821464    596
-2284.66860495    367
-8250.20401662   1213
-17911.673355   1634
-12519.1079998   1593
-21553.3467608   2000
-12747.6217185   1382
-2695.65930096    416
-3811.08749917    492
-1139.87845803    508
-5135.69193506    466
-3813.13370548    697
-10507.9517486   1052
-3394.84648935    565
-2496.7710395    371
-9720.07787995   1192
-10600.0026336   1052
-718.912965933    228
-8685.25992711    880
-2239.93635265    369
-827.978286391    241
-1183.61426908    244
-6148.27592656    675
232.162893074    226
-7217.5533217    744
-16672.4845196   2000
-796.430575155    257
802.661596806    121
-1361.81619712    243
-28.827655277    214
-17328.7537793   1965
-4317.15427946    600
-3912.87028324    884
-2957.92747204    860
-2194.46351151    287
-2474.08388481    338
-117.598320867    204
-345.807313872    266
182.75410934    304
372.379229483    298
399.743918885    365
614.069024504    266
841.832655987    145
539.5153171    214
844.216737908    150
945.297902154    232
917.858954499    235
329.62338019    208
-719.310401705    234
-713.571250059    495
521.192503637    128
610.886113056    209
234.41896887    233
927.756838745    128
554.564521045    274
786.766711346    281
313.560379126    211
-550.710666976    325
344.802997372    202
-148.699504546    258
-1001.25862252    335
-2112.78725569    613
-535.166745358    170
-231.689944215    358
382.645491224    179
-1530.20585233    407
-111.029778592    318
-164.633252884    218
347.3422896    135
-356.292685203    333
-18016.5793228   1356
-687.368101478    296
-1137.76950579    282
-5042.96283064    663
486.748979272    175
598.415690647    158
-464.052189661    279
737.618412131    180
775.646166104     96
-238.389222475    240
596.99012481    171
69.0990019109    304
26.4087792847    310
-116.901070618    368
200.552517884    179
-6284.64636944    965
-528.981423068    249
-85.5688229536    170
-2853.71714    738
288.93710298    249
-613.178988122    302
39.1685396748    340
498.009225873    452
-2206.14436531   1013
939.427157738    211
-651.084541651    337
-3839.04603136    704
-8994.20285331   2000
-7405.93841724   2000
-392.910967584    495
-979.753172721    306
-6590.95976165    920
-3581.39118301    504
-6878.70878409    889
-180.117399546    356
-619.283906021    284
256.752123769    315
-11003.9347554   2000
-827.190595096    519
-16763.0529308   1907
-2652.65419216    789
-4591.59621301   1434
-676.350927158    320
-5337.51489975    791
609.522495008    203
-1065.92871214    279
-1429.25482177    327
29.9403511393    242
-1128.45765752    372
516.873450471    236
-3025.05574624    499
-2039.03848644    330
-922.252833581    244
-3943.89429485    685
695.994154534    245
-1134.63120074    261
-847.603364235    246
-1821.75184031    556
-404.442468713    225
-1105.68982046    317
-703.576347056    987
-879.242534682    554
313.270939024    244
-48.4701370563    186
-448.141805474    220
-1283.95191328    294
-968.133178319    538
-331.6777694    201
195.845631986    223
-1297.27436424    451
-1843.3767548    294
-2916.28925494    391
840.01197002    252
803.565264434    153
-1316.64740915    295
-1947.13747549    391
-4101.26132414    483
243.478622854    116
-432.961825358    221
-2555.82726188    841
-1897.74296145    574
-939.085242635    317
-1196.27989092    392
-2557.28607367    585
-2218.08821235    318
-4097.34687343    692
-1131.37456107    266
-6180.92541567    940
78.9286499906    198
-15542.6654594   1327
149.466673855    147
-6854.38013361    695
-4430.71662472    581
-2348.45329472    371
501.228060453    196
-924.443207275    198
251.744752602    206
-10524.7495083   1026
-519.007897855    207
-3443.76022325    548
18.7532697453    283
-30.4240448842    247
178.903507059    221
-69.9180939558    319
-1482.34038545    532
-1470.49354475    328
-2489.66727539    479
-17085.2632183   2000
-12527.9267075   2000
-3737.33861159    426
-2262.99914754    659
-13173.1341058   2000
-20797.7972155   2000
-2332.10430608    412
-26019.2312839   2000
-22903.7611741   2000
-22685.4394646   2000
-21207.6928188   2000
-5634.88275209    615
-6248.62128769    934
-16548.3292503   2000
-2566.47080379    646
-9629.35119576   1410
-2089.31748814    530
-5759.5588699    701
-2282.2961075    584
335.470909684    215
593.588621333    173
287.338234777    211
17.0368894693    297
107.542882345    142
-332.675767742    208
-3340.04762474    921
-815.635503841    216
-182.313397892    478
-3548.20777697    600
-562.662406945    220
-321.399711691    167
-2592.17542764    442
-14442.1093073   1406
-10.6133736257    141
-100.193878675    149
-216.542870735    197
-793.419716075    234
-1633.41810102    448
-297.646987436    354
-1929.34134009    340
-1363.85343561    264
-161.370180737    137
569.205088293    136
-212.697422115    177
-1322.6367743    275
-307.722856938    310
-12331.5299855   2000
-8680.34118273   2000
-15241.3402553   2000
-12666.0703733   2000
-13859.3219189   2000
-12304.7886079   2000
-12404.3921762   2000
-8360.18349871   2000
-12871.9516898   2000
-13950.8768261   2000
-6832.46730531   2000
-6744.13894634   1255
422.31438864    197
-24681.6524603   2000
-20503.1218865   2000
-6711.06361885   2000
-16535.4185506   2000
-14488.781032   2000
-16233.763452   2000
-10923.0491076   2000
-16611.301984   2000
-14516.3177121   2000
-13607.2703466   2000
-11389.1453239   2000
-14059.2514484   2000
-15684.631173   2000
-19151.9091911   2000
-13534.5084111   1471
-19905.7104172   2000
507.896952    139
-10789.8591626   1194
697.136817599    132
-18717.2302021   1843
385.566167338    194
597.947721919    145
-7291.04411259    893
-1499.85482082    292
-17229.0211669   2000
-4187.5824171    703
728.566211537    209
-18141.2731656   2000
-17863.4287077   1808
631.410150055    101
223.18185452    232
873.671418926    142
177.387664099    226
-1276.6165596    259
506.755028891     87
-28782.9185501   2000
-11088.1467798   1163
-22319.1625734   2000
-28290.3740319   2000
-28462.5914039   2000
-23758.9708587   2000
-11946.2212342   1341
-15230.5956288   2000
-792.60969497    318
-17072.2262785   2000
-3712.92369281    726
-11253.2498746   2000
