-307.444133874   2000
-477.873016425   2000
-262.844425105   2000
-206.887520977    287
-51.2364283447   2000
-133.848542891    135
-121.546682648   2000
-216.549438973    480
-141.08825771   2000
-262.126397942   1634
-220.134697808   1041
-135.384760264   2000
-171.285951618   1198
-332.054020408   2000
-136.983560282   2000
-285.572246988   2000
-297.785745353   2000
-212.0866022    569
-25.2083054124   2000
-149.393035484   2000
-298.588734881   1745
0.787239943722    101
-323.543746887   2000
-317.996422786   1849
-98.7767309931   2000
-180.871256401   2000
-185.916101471    419
-259.628595359    989
-39.5692005934   2000
-221.511151828   2000
-98.8116889851   1366
-57.7380639344    309
-71.2130637373   1356
-420.941239046   2000
-71.9732292752   2000
-77.3526542972   2000
-175.360531587   2000
-270.780720113    224
-125.194624645   2000
-274.790070583   2000
-303.223204053   2000
-138.286418746   2000
-173.042727887   2000
-471.22617183   2000
-329.052821665   2000
-16.5696035355    988
-243.100818909   2000
-96.2630782905   1369
-116.973207953   1286
-149.347059255   2000
-175.353759341   2000
-106.146015113   2000
-237.87610176   2000
-251.174863495   2000
9.58859704147    112
-115.310090581   2000
-237.954137119   2000
-249.70591346   2000
-223.817936416   2000
-79.0084622618   2000
-233.316344189    969
-215.743898286   2000
-144.724221197   2000
-250.615925892   2000
-45.3949520537   2000
-257.277940822   1287
-116.948526702   2000
-149.750441676   2000
-173.971329804   2000
-163.302353805   2000
-108.243956217    245
-44.6543270653   2000
-196.151245308   2000
-284.267418034    274
-50.786840664   2000
-70.742980168    456
-85.3739756392   2000
-184.228612221   2000
-118.843099277   2000
-325.022535468   2000
-182.758961534   2000
-280.786398247   1932
-46.9048460343   2000
-86.9642699025   2000
-200.028409505   1641
-272.274190232   1382
-193.020599559   1356
-249.299269402   2000
-311.994019073   2000
-98.5511058494   2000
-52.5418106778   2000
-138.015622677   1311
-321.304728471   2000
-225.961254104   2000
-254.267637754   2000
-200.098831296    978
144.38417903     80
-334.515332314   2000
-327.728315319   1453
-479.173944073   2000
-70.5000637671   2000
-378.554388656   2000
-245.211171704   2000
-57.5857406463   2000
-268.669379195   2000
-223.800569384   1062
-138.727694351   2000
-341.371376308   2000
-284.150607737   2000
-190.329211366    881
-302.645028564   2000
-218.62938417   1364
-96.2819770801   2000
-172.048996986    677
-271.679835053   2000
-102.670004725   2000
-226.562876413   1266
-413.269670012   2000
-271.326424004   2000
-255.803494885   2000
-66.5144571046   1092
-379.879599699   2000
-454.180963919   2000
-162.115756045   2000
-59.5314017505   2000
-316.580917752   2000
-147.106065808   2000
-125.239490635   2000
-170.953567895   2000
-238.787413357   2000
-212.890623897   2000
-300.618449641   2000
-24.7217641298   2000
-178.582854128   1291
-291.709651631   2000
-405.933157055   2000
-292.907209065   1863
-136.364558084   2000
-288.297668256   2000
-72.6348013179   2000
-101.728394612   2000
-71.5150981788   2000
-187.144285827   2000
-111.148112599   2000
-200.796969933   2000
-209.13056436   2000
-505.257445123   2000
-216.111004665   2000
-439.758347582   2000
-212.928871971   1590
-200.685721558   2000
-231.874605865   2000
-309.283270198   1225
52.8489335239     94
-228.872253864   2000
-186.996564915   2000
-73.2474231547   2000
-255.115839291   2000
-234.815776399   2000
-36.9338302308   2000
-225.347830905   2000
-151.40851521   2000
-61.559781292   2000
-58.6743083166    571
-223.116139737   2000
-150.237467569    412
-264.400032122   2000
-126.135657775   2000
-355.101929175   2000
-177.561687721    253
-386.444814268   2000
-251.52776909   2000
-189.199220361   2000
-193.377993517    491
-291.950022885    246
-38.6651478975    462
-94.672726496   2000
-147.224435272   2000
-369.685593878   2000
-404.670817495   2000
-248.034687532    736
-16.6477195183   2000
-165.590257467    695
-245.169916724   2000
-234.605938992    450
-90.8036840535   2000
-35.8942067131   2000
-233.504351164   2000
-29.9889712587   2000
-382.148198548   2000
-400.161400274   2000
-316.644514486   2000
-231.725035688   2000
-167.376222622   2000
-291.24032782   2000
-250.02895519    861
-295.244846718   2000
-176.149187489   2000
-7.79553936032   2000
-172.870960588   2000
-262.818113048   2000
-43.9337551632   2000
-91.073738351   1736
-230.338324311    617
-225.651044432   2000
-274.714277193   2000
-125.784613484    828
-85.9636781926   2000
-234.18081034   2000
-190.108408645   2000
-73.2002585821   2000
-319.561836501    481
-353.32348531   2000
-295.76207556   1583
-40.4781809499   1133
-123.469285908   2000
-117.086674368   2000
-233.477779085   2000
-140.775470442   2000
-179.56832037   2000
-346.252793359   2000
-190.261269419   2000
-173.99788636   2000
-318.510850977   2000
-198.687828942   2000
-165.118556499   2000
-248.509965978   1339
-361.323636844   2000
-124.834234043    161
-243.819507743   2000
-215.856034243    161
-172.436256506   2000
-36.7869845526   2000
-178.494632868   2000
-249.542493464   2000
-194.853152833   2000
-75.9633377436   2000
-159.804651471   2000
-225.313237205   2000
30.381953635    137
-340.538562101   2000
-295.539865678   2000
-271.772640181    222
-78.7504523952    326
-217.654759009   2000
-82.7544922977    102
-161.396398479   2000
-271.299583439   2000
-173.920830884   2000
-76.377809234   1227
-92.8300917274   2000
-308.470157165   2000
-215.037215162   2000
-171.896844824   2000
-64.5895584173   2000
-194.643387016   2000
-94.4988173992   2000
-156.973271319   2000
-332.890152886   1747
-214.124849237   2000
-57.3597844379   2000
-264.014565531   2000
-137.628299201    545
-319.153195432   2000
-268.299341013   2000
-346.927702271   1457
-182.364406106   2000
-176.573508379    245
-393.078971036   2000
-258.807084908   2000
-280.871426309    373
-203.088570855   2000
-117.034484516   2000
-156.016205548   2000
-192.676443799   2000
-419.453044731   2000
-89.756006261   2000
-396.901449648   2000
-302.632816714    499
-329.384090943    301
-86.0752658555   2000
-479.707632939   1078
-235.969704577   2000
-558.173881437   2000
-139.658457269   2000
-260.662357915   2000
-279.194666599   2000
-155.185003004   2000
-275.751068581   1178
-27.1443116089   2000
-124.48303452   2000
-136.112958735    455
-260.823740336   2000
-130.46623475   2000
-100.654615723   2000
-152.01307718   2000
-302.822134089   2000
-177.421674952    272
-29.6297449213   2000
-325.563131215   2000
-294.087698176   2000
-368.700998463   2000
-230.193889612    649
-167.671016275   2000
-245.450730671   2000
-350.2365268   1450
-198.469765491   2000
-120.108645627   1138
-254.714685562   2000
-235.006191287   2000
-355.834343974   1627
-111.922152651   2000
-318.03677838   1889
-249.249723604   2000
-296.692671425   2000
-90.5492802997    404
-199.244949531   2000
-186.68268681   2000
-277.099453101   2000
-109.10882951   2000
-113.922010898   2000
-39.3549643781   2000
-316.289463925   1410
-295.341182676    995
-80.3583023037   2000
-449.633620694   2000
-243.178175204   2000
-466.968929696   2000
-348.224903396   1270
-577.05120023   1081
-236.352429443   2000
-176.394195656   2000
-90.1991123273   2000
-278.16450505   2000
-247.343024071   2000
-147.92242981   2000
-174.317808121   2000
-390.283977129   2000
-308.963012148   1931
-93.7304849272   2000
-246.442580608   1660
-129.121030381   2000
-351.626550253   2000
-124.48868677   2000
-63.0463058171    597
-195.872632923   1892
-266.116213689   2000
-288.223361611   2000
-246.384532371   2000
-86.2308749138   2000
-275.589111345   2000
-407.517058168    825
-55.3419812245   2000
-227.377437522   2000
-202.359820382   2000
-51.8850517362   1713
-62.4651198528   2000
-223.78218353   1755
-58.9459325751   2000
-152.0095961   1520
-85.1584178119   2000
-52.1486949108   2000
-220.840760304   2000
-166.127394087   1742
-337.18695927   2000
-189.850913834   1225
-74.7015335766   2000
-213.783761827   2000
-114.377215727   2000
-180.556422476   2000
-78.9267090207   1966
-198.838887368   2000
-448.260191732    734
-109.190259699   2000
-60.3895456437   2000
-135.380663389   2000
-174.817982545   1204
-237.310852162   2000
-142.663468074   2000
-238.956478087   2000
-65.3493425867   2000
-125.414496122    667
-126.7824253   2000
-280.773781593   2000
-236.35283423    593
-350.868334564   2000
-192.133699514   2000
-159.920249021   2000
-266.327415853   2000
-103.410795078   1843
-105.397868731   2000
-192.586227632   2000
-354.995717665   2000
-260.351502297   2000
-190.871403902   2000
-361.69979306   2000
-323.78437261    641
-260.545835554   2000
-381.745604682   2000
-366.738878824   2000
-137.453136721   2000
-299.634377702   2000
-203.544500406   2000
-174.58427159   2000
-111.020407461   2000
-164.361469502   1230
-433.339617774   2000
-169.282728202   2000
-221.561863957   2000
-144.091716954   2000
-298.915837491   2000
-381.204728163    221
-190.432387082   2000
-67.186777785   2000
-171.936904689   2000
-275.258563606   2000
-208.174994012   2000
-118.236686737   2000
-240.687299447    630
-155.168556452    892
-42.3316604753   2000
-73.753659   1138
-96.4999391389   2000
-99.2921881478   2000
-131.136098202   2000
-256.301086159   2000
-136.858920112   2000
-97.4805053555   2000
-317.218934429   2000
-82.5596298871   2000
-91.2113501944   2000
-24.0898985566   2000
-234.486088811   2000
-122.228897606   2000
-335.691182279   2000
-255.50168824   2000
-34.3981886165   2000
-93.2237693169   1406
-118.460925962   2000
-189.110885486   2000
-73.8238045176   2000
-94.721261141   2000
-292.69657032   1621
-92.1892795495   2000
-63.5792685198    247
-203.976728918   2000
-320.237385427   2000
-444.597864737   2000
-189.586289628    637
-407.027245823    922
-261.451071001   2000
-198.545477705    506
-217.02072522   2000
-18.2496997291    236
191.033977824     74
-132.608923677    777
-48.2023950542   2000
-385.136147907   2000
-136.224897806   2000
-276.864933583   2000
-273.480781511   1944
-376.443829659   2000
-328.641605789   2000
-154.557292711   1173
-358.552159882   2000
-215.2506823   2000
-112.67800715    344
-234.835695145   2000
-21.9112037005   2000
-310.609976819   2000
-257.212215441   2000
-110.294108977   2000
-122.698059101   2000
-45.8947642011   2000
-27.6360862054   2000
-285.457969176   2000
-90.2761302927   2000
-81.6693100169   2000
-102.121762926   1957
-84.758357169   2000
-340.942453851   2000
-51.7697751063   2000
-121.836578753    562
-209.961568459   2000
-233.889565127   2000
-167.866621257    383
-106.451780845   2000
-72.417637379   2000
-237.66502737   2000
-191.389191227   2000
-82.4727139652    967
-117.058749061   2000
-167.277341899   2000
-205.457173338   2000
-109.321087795   2000
-311.185627219   2000
-291.552498194   2000
-57.1508167685   1456
-408.177837629   2000
-145.418079639   2000
